%YAML:1.0
---
camera_matrix: !!opencv-matrix
   rows: 3
   cols: 3
   dt: d
   data: [ 7.1791337041859163e+02, 0., 3.2804384747214135e+02, 0.,
       7.1656143790631472e+02, 2.2641942393188069e+02, 0., 0., 1. ]
distortion_coefficients: !!opencv-matrix
   rows: 14
   cols: 1
   dt: d
   data: [ -1.1408352685466507e-02, -1.6677178044535161e+01,
       -1.4892432189602246e-04, 1.1876517106437416e-03,
       3.8101391111495829e+01, -2.2256759589920676e-02,
       -1.7552325480747843e+01, 4.1681629709163914e+01, 0., 0., 0., 0.,
       0., 0. ]
image_width: 640
image_height: 480
rms: 2.2344632869843975e-01
mean_reprojection_error: 2.2344652911480942e-01
